<?xml version="1.0" encoding="UTF-8" standalone="no"?>
<!-- Created with Inkscape (http://www.inkscape.org/) -->

<svg
   width="68.17524mm"
   height="56.674957mm"
   viewBox="0 0 68.175241 56.674959"
   version="1.1"
   id="svg5"
   sodipodi:docname="examples(1).svg"
   inkscape:version="1.3.2 (1:1.3.2+202311252150+091e20ef0f)"
   xmlns:inkscape="http://www.inkscape.org/namespaces/inkscape"
   xmlns:sodipodi="http://sodipodi.sourceforge.net/DTD/sodipodi-0.dtd"
   xmlns="http://www.w3.org/2000/svg"
   xmlns:svg="http://www.w3.org/2000/svg">
  <sodipodi:namedview
     id="namedview7"
     pagecolor="#ffffff"
     bordercolor="#666666"
     borderopacity="1.0"
     inkscape:pageshadow="2"
     inkscape:pageopacity="0.0"
     inkscape:pagecheckerboard="0"
     inkscape:document-units="mm"
     showgrid="false"
     inkscape:zoom="0.74713339"
     inkscape:cx="348.66599"
     inkscape:cy="238.24394"
     inkscape:window-width="1464"
     inkscape:window-height="800"
     inkscape:window-x="72"
     inkscape:window-y="27"
     inkscape:window-maximized="1"
     inkscape:current-layer="layer1"
     fit-margin-top="1"
     fit-margin-left="1"
     fit-margin-bottom="1"
     fit-margin-right="1"
     inkscape:snap-grids="true"
     inkscape:showpageshadow="2"
     inkscape:deskcolor="#d1d1d1" />
  <defs
     id="defs2">
    <marker
       style="overflow:visible"
       id="StopL"
       refX="0"
       refY="0"
       orient="auto"
       inkscape:stockid="StopL"
       inkscape:isstock="true">
      <path
         transform="scale(0.8)"
         style="fill:none;fill-opacity:0.75;fill-rule:evenodd;stroke:context-stroke;stroke-width:1pt"
         d="M 0,5.65 V -5.65"
         id="path10676" />
    </marker>
    <marker
       style="overflow:visible"
       id="DotM"
       refX="0"
       refY="0"
       orient="auto"
       inkscape:stockid="DotM"
       inkscape:isstock="true"
       viewBox="0 0 4.5333334 4.5333334"
       markerWidth="7"
       markerHeight="7"
       preserveAspectRatio="xMidYMid">
      <path
         transform="matrix(0.4,0,0,0.4,2.96,0.4)"
         style="fill:context-stroke;fill-rule:evenodd;stroke:context-stroke;stroke-width:1pt"
         d="m -2.5,-1 c 0,2.76 -2.24,5 -5,5 -2.76,0 -5,-2.24 -5,-5 0,-2.76 2.24,-5 5,-5 2.76,0 5,2.24 5,5 z"
         id="path2022" />
    </marker>
    <clipPath
       clipPathUnits="userSpaceOnUse"
       id="clipPath13453">
      <path
         style="fill:none;stroke:#000000;stroke-width:0.264583px;stroke-linecap:butt;stroke-linejoin:miter;stroke-opacity:1"
         d="m 17.556556,114.41895 31.024196,58.28886 48.929438,11.30508 23.40882,-57.22567 -6.65089,-28.249296 -28.281905,-2.331241 -15.38601,-7.119678 -28.055358,7.482689 z"
         id="path13455" />
    </clipPath>
    <filter
       id="mask-powermask-path-effect19_inverse"
       inkscape:label="filtermask-powermask-path-effect19"
       style="color-interpolation-filters:sRGB"
       height="100"
       width="100"
       x="-50"
       y="-50">
      <feColorMatrix
         id="mask-powermask-path-effect19_primitive1"
         values="1"
         type="saturate"
         result="fbSourceGraphic" />
      <feColorMatrix
         id="mask-powermask-path-effect19_primitive2"
         values="-1 0 0 0 1 0 -1 0 0 1 0 0 -1 0 1 0 0 0 1 0 "
         in="fbSourceGraphic" />
    </filter>
    <filter
       id="mask-powermask-path-effect35_inverse"
       inkscape:label="filtermask-powermask-path-effect35"
       style="color-interpolation-filters:sRGB"
       height="100"
       width="100"
       x="-50"
       y="-50">
      <feColorMatrix
         id="mask-powermask-path-effect35_primitive1"
         values="1"
         type="saturate"
         result="fbSourceGraphic" />
      <feColorMatrix
         id="mask-powermask-path-effect35_primitive2"
         values="-1 0 0 0 1 0 -1 0 0 1 0 0 -1 0 1 0 0 0 1 0 "
         in="fbSourceGraphic" />
    </filter>
  </defs>
  <g
     inkscape:label="Layer 1"
     inkscape:groupmode="layer"
     id="layer1"
     transform="translate(-16.24366,-11.425039)">
    <path
       style="fill:#cccccc;fill-opacity:1;stroke:none;stroke-width:1.72727;stroke-linejoin:round;stroke-dasharray:none"
       d=""
       id="path108"
       transform="matrix(0.26458333,0,0,0.26458333,12.050834,7.4856276)" />
    <g
       id="g111"
       transform="translate(-100.20229,0.70733322)">
      <path
         style="fill:none;stroke:#000000;stroke-width:1;stroke-linecap:butt;stroke-linejoin:miter;stroke-dasharray:none;stroke-opacity:1"
         d="m 139.79183,35.562896 17.84403,-15.959573 13.51666,13.622529 -10.62554,17.757667 z"
         id="path50" />
      <path
         style="fill:none;stroke:#000000;stroke-width:1;stroke-linecap:butt;stroke-linejoin:miter;stroke-dasharray:none;stroke-opacity:1"
         d="m 139.43513,35.231664 -21.27387,11.667061 11.56206,18.628386 23.08674,-3.255269 7.5749,-11.578881 c 22.40847,11.855131 22.40847,11.855131 22.40847,11.855131 L 171.08747,32.882464"
         id="path51" />
      <path
         style="fill:none;stroke:#000000;stroke-width:1;stroke-linecap:butt;stroke-linejoin:miter;stroke-dasharray:none;stroke-opacity:1"
         d="m 118.10444,46.908009 17.65645,-32.91597 39.71386,-1.160988 7.4786,49.182375"
         id="path52" />
      <path
         style="fill:none;stroke:#000000;stroke-width:1;stroke-linecap:butt;stroke-linejoin:miter;stroke-dasharray:none;stroke-opacity:1"
         d="m 153.23054,62.065139 29.46068,0.30425"
         id="path53" />
      <path
         style="fill:none;stroke:#000000;stroke-width:1;stroke-linecap:butt;stroke-linejoin:miter;stroke-dasharray:none;stroke-opacity:1"
         d="m 139.92181,35.13331 30.87825,-1.898397"
         id="path54" />
      <circle
         style="fill:#1a1a1a;fill-opacity:1;stroke:#1a1a1a;stroke-width:1;stroke-linejoin:round;stroke-dasharray:none"
         id="path55"
         cx="118.45649"
         cy="46.612782"
         r="1.211167" />
      <path
         style="fill:none;stroke:#000000;stroke-width:1;stroke-linecap:butt;stroke-linejoin:miter;stroke-dasharray:none;stroke-opacity:1"
         d="m 118.53972,46.668334 34.36067,15.442787"
         id="path71" />
      <circle
         style="fill:#1a1a1a;fill-opacity:1;stroke:#1a1a1a;stroke-width:1;stroke-linejoin:round;stroke-dasharray:none"
         id="circle71"
         cx="139.73276"
         cy="35.489807"
         r="1.211167" />
      <circle
         style="fill:#1a1a1a;fill-opacity:1;stroke:#1a1a1a;stroke-width:1;stroke-linejoin:round;stroke-dasharray:none"
         id="circle72"
         cx="129.67633"
         cy="65.419052"
         r="1.211167" />
      <circle
         style="fill:#1a1a1a;fill-opacity:1;stroke:#1a1a1a;stroke-width:1;stroke-linejoin:round;stroke-dasharray:none"
         id="circle73"
         cx="152.72881"
         cy="62.098305"
         r="1.211167" />
      <circle
         style="fill:#1a1a1a;fill-opacity:1;stroke:#1a1a1a;stroke-width:1;stroke-linejoin:round;stroke-dasharray:none"
         id="circle74"
         cx="160.53906"
         cy="50.825504"
         r="1.211167" />
      <circle
         style="fill:#1a1a1a;fill-opacity:1;stroke:#1a1a1a;stroke-width:1;stroke-linejoin:round;stroke-dasharray:none"
         id="circle75"
         cx="182.56409"
         cy="62.061359"
         r="1.211167" />
      <circle
         style="fill:#1a1a1a;fill-opacity:1;stroke:#1a1a1a;stroke-width:1;stroke-linejoin:round;stroke-dasharray:none"
         id="circle76"
         cx="171.02579"
         cy="33.070389"
         r="1.211167" />
      <circle
         style="fill:#1a1a1a;fill-opacity:1;stroke:#1a1a1a;stroke-width:1;stroke-linejoin:round;stroke-dasharray:none"
         id="circle77"
         cx="157.66541"
         cy="19.745426"
         r="1.211167" />
      <circle
         style="fill:#1a1a1a;fill-opacity:1;stroke:#1a1a1a;stroke-width:1;stroke-linejoin:round;stroke-dasharray:none"
         id="circle78"
         cx="135.66234"
         cy="13.654737"
         r="1.211167" />
      <circle
         style="fill:#1a1a1a;fill-opacity:1;stroke:#1a1a1a;stroke-width:1;stroke-linejoin:round;stroke-dasharray:none"
         id="circle79"
         cx="175.3428"
         cy="12.896423"
         r="1.211167" />
      <path
         style="fill:#b3b3b3;fill-opacity:1;stroke:none;stroke-width:3.77953;stroke-linejoin:round;stroke-dasharray:none"
         d="m 429.35478,206.48277 c -6.6086,-11.08037 -17.19135,-28.82538 -23.51722,-39.43334 -6.32588,-10.60797 -11.39783,-19.55761 -11.27101,-19.8881 0.22128,-0.57665 68.26598,-131.111257 68.47497,-131.360002 0.056,-0.06666 35.70358,-0.980989 79.21684,-2.031841 62.03583,-1.498174 79.18711,-1.797162 79.44899,-1.384983 0.18369,0.28911 0.33908,0.91296 0.34531,1.386333 0.006,0.473372 0.1272,1.635286 0.26882,2.582032 0.25265,1.688907 0.24395,1.703056 -0.4612,0.750634 -2.48022,-3.349962 -8.41016,-2.76815 -9.75731,0.957333 l -0.52315,1.446739 -4.33769,0.251066 c -2.38573,0.138086 -31.7395,1.020159 -65.23061,1.960161 -33.4911,0.940002 -62.78103,1.80357 -65.08872,1.91904 l -4.1958,0.209947 v -1.079214 c 0,-2.872518 -2.39536,-4.909521 -5.77322,-4.909521 -2.46886,0 -4.81066,1.859326 -5.24276,4.162601 -0.37624,2.005505 0.44865,4.623884 1.78879,5.678037 l 1.08022,0.849701 -30.46119,56.829471 -30.46119,56.829476 -1.50619,0.0109 c -5.07639,0.0367 -7.46433,6.3394 -3.7066,9.7831 1.1107,1.01788 1.95156,1.41339 3.0049,1.41339 h 1.46263 l 18.99851,30.61256 c 17.52606,28.23999 18.94641,30.67014 18.32624,31.35543 -1.92128,2.12298 -1.58417,6.02044 0.68595,7.93062 1.05451,0.88731 1.77295,1.10726 3.61673,1.10726 2.72696,0 4.59178,-1.27186 5.38388,-3.67196 0.27084,-0.82066 0.62266,-1.4954 0.78182,-1.49943 0.15916,-0.004 17.1929,-2.39456 37.85276,-5.31228 l 37.56338,-5.30494 1.65439,1.6544 c 1.48499,1.48499 1.87838,1.65439 3.84175,1.65439 1.81848,0 2.43619,-0.21849 3.66301,-1.29566 0.81162,-0.71261 1.60436,-1.8084 1.76165,-2.43509 l 0.28598,-1.13943 33.00317,0.28502 c 18.15174,0.15677 41.0708,0.41124 50.93123,0.56551 l 17.92806,0.28047 0.46014,1.00991 c 0.63469,1.39299 2.97269,2.72605 4.78108,2.72605 5.66417,0 7.73045,-7.91344 2.76457,-10.58774 -1.35296,-0.72862 -1.40094,-0.85746 -2.13307,-5.72809 -0.41194,-2.74049 -6.39098,-42.08904 -13.28675,-87.44121 l -12.53777,-82.458512 1.21042,-0.694687 c 0.66573,-0.382077 1.52786,-1.42527 1.91584,-2.318206 0.39028,-0.898243 0.76368,-1.335152 0.83584,-0.978013 0.0717,0.355029 6.5201,43.152207 14.3297,95.104838 7.80961,51.95264 14.31273,95.10932 14.45139,95.90375 l 0.25212,1.44441 -25.09533,-0.28676 c -13.80242,-0.15771 -40.49068,-0.45893 -59.30724,-0.66936 l -34.21192,-0.38261 -44.97039,6.65197 c -24.73371,3.65859 -45.48985,6.75966 -46.12475,6.89128 -1.11995,0.23216 -1.51259,-0.36133 -13.17,-19.90685 z"
         id="path90"
         transform="matrix(0.26458333,0,0,0.26458333,12.050834,7.4856276)" />
      <path
         style="fill:#b3b3b3;fill-opacity:1;stroke:none;stroke-width:3.77953;stroke-linejoin:round;stroke-dasharray:none"
         d="m 466.91743,176.27347 -58.95639,-26.54834 v -1.84136 -1.84136 l 34.52458,-18.93056 34.52459,-18.93055 1.53062,1.53062 c 1.88042,1.88042 4.53037,2.21202 7.09185,0.88743 1.11266,-0.57538 1.80572,-0.0879 35.53466,24.99425 l 34.39985,25.58107 0.0714,2.41032 c 0.0393,1.32567 0.28134,2.62025 0.53793,2.87684 0.25659,0.25659 0.46653,0.71058 0.46653,1.00886 0,1.05514 -21.88443,33.93261 -22.46112,33.74385 -2.08962,-0.68395 -4.07811,-0.47918 -5.63759,0.58054 -0.89808,0.61027 -1.86634,1.09095 -2.15169,1.06816 -0.28535,-0.0228 -27.04919,-11.98818 -59.47521,-26.58977 z m 73.42888,5.35179 10.66507,-15.41998 -0.94964,-0.74065 c -1.99485,-1.55584 -70.26808,-52.21828 -70.91246,-52.62089 -0.52461,-0.32778 -7.61861,3.45857 -31.30714,16.70984 -16.84585,9.4235 -30.62372,17.24358 -30.61749,17.37794 0.0164,0.35404 111.58557,50.36106 112.05907,50.22661 0.21864,-0.0621 5.1968,-7.05187 11.06259,-15.53287 z"
         id="path91"
         transform="matrix(0.26458333,0,0,0.26458333,12.050834,7.4856276)" />
      <path
         style="fill:#b3b3b3;fill-opacity:1;stroke:none;stroke-width:3.77953;stroke-linejoin:round;stroke-dasharray:none"
         d="m 602.68927,184.70594 -35.93327,-19.03292 0.13962,-1.39121 c 0.0817,-0.81359 -0.24333,-2.15802 -0.78275,-3.2381 l -0.92239,-1.8469 17.05168,-28.51928 17.05168,-28.51928 1.76147,0.13117 1.76147,0.13118 19.46501,49.27377 19.46501,49.27378 -1.32379,1.3986 c -0.72808,0.76923 -1.43104,1.39264 -1.56213,1.38535 -0.13108,-0.007 -16.40831,-8.57805 -36.17161,-19.04616 z m 31.84506,10.48892 c 0,-0.84308 -35.25058,-86.74678 -35.57832,-86.70238 -0.68361,0.0926 -30.73478,52.37019 -30.33449,52.77048 0.44932,0.44932 65.09267,34.2506 65.59006,34.2963 0.17751,0.0163 0.32275,-0.14767 0.32275,-0.3644 z"
         id="path92"
         transform="matrix(0.26458333,0,0,0.26458333,12.050834,7.4856276)" />
      <path
         style="fill:#b3b3b3;fill-opacity:1;stroke:none;stroke-width:3.77953;stroke-linejoin:round;stroke-dasharray:none"
         d="m 487.78885,103.10729 c 0,-0.21403 12.73265,-11.76654 28.29477,-25.672243 15.56212,-13.905703 28.71072,-25.6554 29.21912,-26.110436 0.87816,-0.786004 0.99374,-0.791452 2.31338,-0.109043 1.36201,0.704324 3.75024,0.711323 5.8296,0.01709 0.7527,-0.251302 4.14042,2.98362 21.83712,20.852204 18.0327,18.207839 20.88671,21.260828 20.51844,21.94894 -0.23527,0.439612 -0.42776,1.296154 -0.42776,1.90343 0,0.917448 -0.2001,1.104258 -1.18344,1.104848 -0.65088,3.91e-4 -24.76141,1.452784 -53.57894,3.22754 -60.85898,3.74806 -52.82229,3.31632 -52.82229,2.83768 z m 57.23504,-8.029991 c 23.3136,-1.565 42.75341,-2.983302 43.19957,-3.151777 0.66747,-0.252038 -2.67832,-3.683086 -18.88106,-19.362188 l -19.69228,-19.05587 -1.56002,1.477413 c -0.85801,0.812577 -11.53312,10.345393 -23.72246,21.184035 -12.18934,10.838642 -22.64217,20.162587 -23.22851,20.719876 l -1.06606,1.013254 1.28123,0.01036 c 0.70468,0.0057 20.356,-1.270097 43.66959,-2.835101 z"
         id="path93"
         transform="matrix(0.26458333,0,0,0.26458333,12.050834,7.4856276)" />
      <path
         style="fill:#e6e6e6;fill-opacity:1;stroke:none;stroke-width:3.77953;stroke-linejoin:round;stroke-dasharray:none"
         d="m 522.1039,134.50411 c -31.94999,-23.76298 -34.68611,-25.85934 -34.41412,-26.36756 0.16252,-0.30366 0.37151,-1.17291 0.46443,-1.93167 l 0.16895,-1.37956 53.49991,-3.29 53.49991,-3.290003 0.62418,1.101747 c 0.3433,0.605961 0.93965,1.362316 1.32524,1.680786 l 0.70106,0.57905 -17.10852,28.58086 c -14.03483,23.44606 -17.19076,28.54705 -17.56628,28.39267 -1.7899,-0.73587 -4.12698,-0.33138 -5.61031,0.971 l -0.87486,0.76813 z m 52.81799,-6.75255 c 8.29595,-13.78764 15.05168,-25.09556 15.01273,-25.12871 -0.14098,-0.11999 -93.95568,6.18376 -94.09447,6.32255 -0.0784,0.0784 0.0407,0.24837 0.26461,0.37769 0.22394,0.12932 14.53278,10.00214 31.79742,21.93958 17.26464,11.93745 31.51308,21.67135 31.66321,21.63089 0.15013,-0.0405 7.06055,-11.35436 15.3565,-25.142 z"
         id="path97"
         transform="matrix(0.26458333,0,0,0.26458333,12.050834,7.4856276)" />
      <path
         style="fill:#e6e6e6;fill-opacity:1;stroke:none;stroke-width:3.77953;stroke-linejoin:round;stroke-dasharray:none"
         d="m 449.8309,217.11552 c -0.10172,-0.46311 -0.69493,-1.37234 -1.31824,-2.0205 -1.43273,-1.48984 -2.97574,-1.97572 -4.95473,-1.56019 -1.25224,0.26293 -1.39856,0.23909 -1.77423,-0.2891 -0.22519,-0.31662 -8.72926,-13.97222 -18.89794,-30.34578 -16.17193,-26.03997 -18.42948,-29.80431 -18.01748,-30.04306 0.25907,-0.15013 0.85177,-0.66028 1.31712,-1.13368 l 0.84609,-0.86071 59.61647,26.796 59.61647,26.79599 -0.096,1.36059 c -0.0528,0.74833 -0.11619,1.38301 -0.1408,1.41041 -0.0246,0.0274 -1.82386,0.29963 -3.99834,0.60496 -2.17446,0.30533 -19.22053,2.70883 -37.88013,5.34112 -18.65961,2.63229 -33.97307,4.78597 -34.02991,4.78597 -0.0568,0 -0.18658,-0.37891 -0.2883,-0.84202 z m 32.83193,-9.67733 c 17.90463,-1.72072 32.76109,-3.12858 33.01435,-3.12858 0.29011,0 0.36454,-0.0955 0.20117,-0.258 -0.30004,-0.29852 -102.6788,-45.59907 -103.05341,-45.59907 -0.13709,0 7.61517,11.79567 17.22724,26.21259 l 17.47649,26.21259 1.29013,-0.15547 c 0.70958,-0.0855 15.93939,-1.56334 33.84403,-3.28406 z"
         id="path98"
         transform="matrix(0.26458333,0,0,0.26458333,12.050834,7.4856276)" />
      <path
         style="fill:#e6e6e6;fill-opacity:1;stroke:none;stroke-width:3.77953;stroke-linejoin:round;stroke-dasharray:none"
         d="m 594.36763,206.32734 c -18.9911,-0.19695 -39.60779,-0.45513 -45.81485,-0.57375 l -11.28556,-0.21567 -0.35747,-1.04166 c -0.19661,-0.57292 -0.53853,-1.24849 -0.75984,-1.50128 -0.36387,-0.41562 0.64132,-2.05303 10.50378,-17.11009 5.99839,-9.15776 10.99117,-16.79933 11.09507,-16.98125 0.14603,-0.25569 0.43558,-0.24293 1.27573,0.0563 2.30551,0.82102 5.13296,0.19764 6.39798,-1.41058 l 0.53651,-0.68206 36.38222,19.24727 c 32.87193,17.39023 36.39056,19.31502 36.46859,19.94949 l 0.0864,0.70222 -4.99963,-0.0404 c -2.74979,-0.0222 -20.5378,-0.20154 -39.5289,-0.39848 z m 27.51872,-6.0046 c -0.08,-0.65864 -2.29963,-1.76123 -29.94799,-14.87625 -16.42389,-7.79069 -29.93535,-14.16193 -30.02546,-14.15832 -0.19597,0.008 -18.65838,28.67971 -18.53656,28.787 0.0465,0.0409 16.42107,0.22268 36.388,0.40391 19.96693,0.18122 36.42634,0.37055 36.57647,0.42071 0.15012,0.0502 1.47872,0.10091 2.95243,0.11276 l 2.67948,0.0215 z"
         id="path99"
         transform="matrix(0.26458333,0,0,0.26458333,12.050834,7.4856276)" />
      <path
         style="fill:#e6e6e6;fill-opacity:1;stroke:none;stroke-width:3.77953;stroke-linejoin:round;stroke-dasharray:none"
         d="m 642.85907,199.68908 c -0.22881,-0.58385 -9.04098,-22.90877 -19.58262,-49.61092 l -19.1666,-48.54937 1.07616,-1.14552 c 1.57057,-1.671805 1.53343,-5.696532 -0.0683,-7.401506 -1.59152,-1.694095 -3.94236,-2.272497 -6.14789,-1.512627 l -1.75158,0.60347 -20.96743,-21.266838 -20.96742,-21.266837 0.43347,-1.704511 c 0.57157,-2.247578 0.0811,-4.011335 -1.57639,-5.668833 -1.1199,-1.119905 -1.75224,-1.354944 -3.64525,-1.354944 -3.8875,0 -6.15699,2.598299 -5.6297,6.445322 l 0.27963,2.040113 -29.27744,26.190308 c -28.18162,25.210033 -29.31537,26.163743 -30.29064,25.480643 -1.35208,-0.94703 -4.34616,-0.89975 -6.03056,0.0953 -1.39864,0.8262 -2.78382,3.1429 -2.80543,4.69208 -0.009,0.66448 -8.22585,5.36837 -34.48853,19.74427 -18.962,10.37958 -34.61436,18.87197 -34.78303,18.87197 -0.16867,0 -0.78831,-0.34121 -1.37697,-0.75824 l -1.07028,-0.75824 30.50382,-56.865696 30.50383,-56.865696 1.94112,-0.255857 c 1.46701,-0.193365 2.30393,-0.673046 3.42657,-1.963931 l 1.48545,-1.708074 22.34042,-0.672878 c 12.28723,-0.370082 41.12982,-1.200787 64.09466,-1.846009 22.96483,-0.645222 44.09925,-1.285834 46.96538,-1.423582 l 5.21115,-0.250451 0.45044,1.519775 c 0.50482,1.703205 3.04362,3.663143 4.74504,3.663143 0.85806,0 1.14538,0.324451 1.35789,1.533348 0.46907,2.66849 26.19398,172.205648 26.19398,172.628528 0,0.83138 -0.98253,0.36413 -1.38295,-0.65766 z m -7.29272,-31.37466 c -0.14204,-0.7136 -5.37877,-32.9316 -11.63719,-71.595552 -6.25842,-38.663957 -11.42498,-70.344733 -11.48126,-70.401723 -0.0563,-0.05699 -32.09709,0.579939 -71.20181,1.415398 l -71.09951,1.519017 -29.03907,53.721655 c -15.9715,29.546915 -28.94527,53.815475 -28.8306,53.930135 0.11466,0.11467 15.04029,-8.12406 33.16806,-18.30826 l 32.95958,-18.51675 35.83752,-31.756948 c 19.71064,-17.466317 35.95958,-31.756942 36.10875,-31.756942 0.14918,0 12.85036,12.727905 28.22484,28.284235 l 27.9536,28.284234 13.48844,37.177931 c 7.41864,20.44785 13.6695,37.65562 13.89081,38.23947 0.60679,1.60085 1.98443,1.40482 1.65784,-0.2359 z"
         id="path100"
         transform="matrix(0.26458333,0,0,0.26458333,12.050834,7.4856276)" />
      <path
         style="fill:#808080;fill-opacity:1;stroke:none;stroke-width:1.72727;stroke-linejoin:round;stroke-dasharray:none"
         d="m 395.75006,149.0795 c -0.41302,-0.72567 -0.75095,-1.52663 -0.75095,-1.77991 0,-0.42306 21.92024,-42.68072 54.81691,-105.675566 l 13.2212,-25.317705 3.85023,-0.313881 c 5.05869,-0.412397 120.90414,-3.194372 142.57692,-3.423919 12.89998,-0.13663 12.51616,-0.214539 12.52929,2.543265 l 0.007,1.380147 -1.43991,-0.849565 c -2.96295,-1.748185 -7.45217,-0.538848 -8.65105,2.330479 l -0.59882,1.433177 -8.92314,0.296441 c -27.42258,0.911022 -32.74251,1.080733 -39.39021,1.256584 -7.69605,0.203582 -16.82586,0.460598 -29.07339,0.818452 -9.05709,0.264635 -20.08463,0.581268 -29.50062,0.847052 -3.8942,0.109921 -10.45964,0.31434 -14.58986,0.454266 -4.13022,0.139925 -9.5766,0.314715 -12.10305,0.388421 l -4.59357,0.134013 -0.26278,-1.556504 c -0.40345,-2.389691 -2.25929,-3.908198 -5.06027,-4.140477 -3.91361,-0.324546 -6.30183,1.679839 -6.30183,5.288984 0,1.759418 1.12334,4.448579 1.9986,4.784449 0.31684,0.121584 0.57608,0.397063 0.57608,0.612176 0,0.215113 -12.4414,23.607967 -27.64754,51.984121 -15.20615,28.37615 -27.70945,51.88265 -27.78511,52.23667 -0.0757,0.35402 -0.30086,0.76304 -0.50044,0.90892 -0.19958,0.14588 -1.28246,1.98034 -2.4064,4.07658 l -2.04351,3.81133 -2.24652,0.49911 c -1.23559,0.27452 -2.71347,0.93779 -3.28419,1.47395 -1.24414,1.16882 -2.0432,3.84497 -1.6638,5.57234 0.34944,1.59102 0.1791,1.57454 -0.75884,-0.0734 z"
         id="path101"
         transform="matrix(0.26458333,0,0,0.26458333,12.050834,7.4856276)" />
      <path
         style="fill:#808080;fill-opacity:1;stroke:none;stroke-width:3.77953;stroke-linejoin:round;stroke-dasharray:none"
         d="m 423.29624,195.82128 c -22.7102,-38.04481 -26.15156,-43.88207 -26.15156,-44.35846 0,-0.1521 0.59412,0.22337 1.32026,0.83438 0.84251,0.70892 1.83787,1.11093 2.75064,1.11093 1.42718,0 1.4644,0.0549 16.65221,24.56675 17.73299,28.61954 19.67219,31.80276 21.14675,34.71266 1.04701,2.06618 1.06719,2.23578 0.42658,3.58577 -0.78049,1.64475 -0.85223,3.11863 -0.2313,4.7518 0.24262,0.63812 0.35417,1.24718 0.2479,1.35345 -0.10627,0.10628 -7.37894,-11.8445 -16.16148,-26.55728 z"
         id="path102"
         transform="matrix(0.26458333,0,0,0.26458333,12.050834,7.4856276)" />
      <path
         style="fill:#808080;fill-opacity:1;stroke:none;stroke-width:3.77953;stroke-linejoin:round;stroke-dasharray:none"
         d="m 440.91273,224.71801 c -1.5473,-1.87715 -1.69983,-2.76114 -0.23973,-1.38946 2.26498,2.12784 7.24267,1.39965 8.72599,-1.27653 0.40767,-0.73552 0.94183,-1.62631 1.18701,-1.97953 0.33687,-0.4853 9.61574,-1.93479 37.97542,-5.93228 l 37.52962,-5.29007 1.81529,1.67328 c 1.41328,1.30271 2.15942,1.67328 3.3692,1.67328 2.2907,0 4.38184,-1.17184 5.45945,-3.05939 l 0.94442,-1.65425 17.59366,-0.0541 c 9.67651,-0.0298 17.78676,-0.0112 18.02277,0.0412 0.23601,0.0524 9.79452,0.19189 21.24113,0.30995 11.4466,0.11806 26.1528,0.32019 32.68044,0.44918 l 11.86844,0.23453 0.47083,1.03336 c 0.6522,1.43143 3.98885,2.85877 5.86156,2.50745 2.05583,-0.38567 3.94666,-2.1392 4.49249,-4.16625 0.68557,-2.546 0.14655,-4.18911 -2.03469,-6.20243 l -1.91109,-1.76396 -1.06563,-7.03287 c -0.58611,-3.86807 -1.18129,-7.32251 -1.32264,-7.67653 -0.14136,-0.35402 -0.22037,-0.80645 -0.17559,-1.00539 0.11708,-0.52015 -2.51309,-17.96455 -2.82458,-18.73384 -0.14335,-0.35402 -0.22444,-0.80511 -0.18021,-1.00242 0.11638,-0.51905 -4.65846,-32.13106 -4.96901,-32.89756 -0.14342,-0.35402 -0.22414,-0.80644 -0.17935,-1.00539 0.11708,-0.52015 -2.5131,-17.96454 -2.82459,-18.73384 -0.14335,-0.35401 -0.22017,-0.8179 -0.17072,-1.03086 0.1226,-0.52796 -2.50969,-17.902826 -2.83431,-18.708363 -0.14267,-0.354019 -0.22084,-0.812192 -0.17372,-1.018166 0.11857,-0.51825 -7.65972,-51.824219 -7.97765,-52.62104 -0.14126,-0.354018 -0.22819,-0.933322 -0.19319,-1.287341 0.035,-0.354018 -0.30772,-2.960884 -0.76163,-5.793034 l -0.82528,-5.149364 1.21341,-1.072784 c 0.66738,-0.590031 1.45979,-1.555537 1.76092,-2.145568 0.47708,-0.934806 2.40752,11.262443 15.00925,94.83412 7.95396,52.74879 14.40134,95.97507 14.32751,96.05839 -0.0738,0.0833 -26.66912,-0.16101 -59.10063,-0.54296 l -58.96637,-0.69446 -31.71119,4.70441 c -17.44115,2.58742 -37.69732,5.58725 -45.01371,6.66629 -7.31638,1.07903 -13.64114,2.03673 -14.05501,2.12821 -0.47094,0.10409 -1.23359,-0.41733 -2.03829,-1.39357 z"
         id="path103"
         transform="matrix(0.26458333,0,0,0.26458333,12.050834,7.4856276)" />
      <path
         style="fill:#808080;fill-opacity:1;stroke:none;stroke-width:1.72727;stroke-linejoin:round;stroke-dasharray:none"
         d="m 518.39484,199.08065 c -4.45519,-1.97223 -8.24631,-3.49565 -8.42471,-3.38539 -0.17841,0.11025 -0.38914,0.0246 -0.4683,-0.19033 -0.20027,-0.54377 -7.67318,-3.94413 -8.095,-3.68342 -0.18884,0.1167 -0.40811,0.0363 -0.48728,-0.1786 -0.20027,-0.54377 -7.67317,-3.94413 -8.095,-3.68343 -0.18883,0.11671 -0.40811,0.0336 -0.48727,-0.18458 -0.19379,-0.53426 -11.55151,-5.64451 -11.97012,-5.3858 -0.18163,0.11226 -0.39501,0.0282 -0.47417,-0.18669 -0.20028,-0.54377 -7.67318,-3.94413 -8.09501,-3.68343 -0.18883,0.11671 -0.4081,0.0363 -0.48727,-0.17859 -0.20027,-0.54378 -7.67317,-3.94413 -8.095,-3.68343 -0.18883,0.11671 -0.40811,0.0363 -0.48727,-0.1786 -0.20027,-0.54377 -7.67317,-3.94413 -8.095,-3.68342 -0.18884,0.1167 -0.40811,0.0329 -0.48727,-0.18614 -0.19744,-0.54644 -11.5291,-5.65681 -11.95696,-5.39238 -0.18887,0.11673 -0.40818,0.0299 -0.48734,-0.19307 -0.19779,-0.55699 -7.65193,-3.94275 -8.0876,-3.67348 -0.19291,0.11922 -0.41551,0.0344 -0.49467,-0.18855 -0.19779,-0.55699 -7.65193,-3.94274 -8.08761,-3.67347 -0.1929,0.11922 -0.4155,0.0344 -0.49466,-0.18855 -0.1978,-0.55699 -7.65193,-3.94274 -8.08761,-3.67348 -0.19291,0.11922 -0.41551,0.0344 -0.49467,-0.18854 -0.0792,-0.22293 -1.84484,-1.18598 -3.92374,-2.14012 l -3.77982,-1.73482 0.13235,-1.77411 0.13235,-1.77411 32.39808,-17.79321 c 17.81895,-9.78627 33.2027,-18.19455 34.18613,-18.68508 l 1.78805,-0.89186 1.33635,1.12446 c 1.62721,1.36921 4.14074,2.13833 5.17655,1.58398 0.40731,-0.21799 0.84596,-0.29094 0.97478,-0.16211 0.12883,0.12882 0.61269,0.0317 1.07525,-0.21588 1.29086,-0.69085 1.58348,-0.48337 47.93115,33.9848 12.03979,8.95385 21.93894,16.3202 21.9981,16.36967 0.0592,0.0495 0.12395,0.94268 0.14396,1.98491 0.02,1.04222 0.23503,2.42266 0.47782,3.06765 0.38957,1.03487 0.1996,1.56442 -1.61632,4.50569 -3.57087,5.7838 -19.00634,28.70998 -19.73876,29.31784 -0.40026,0.33218 -1.42762,0.52924 -2.39504,0.45939 -1.15479,-0.0834 -2.34087,0.21585 -3.72561,0.93992 l -2.03149,1.06223 z m 17.25192,-10.37792 c 12.31783,-17.52285 15.64529,-22.49673 15.28066,-22.84151 -0.88665,-0.83839 -69.74527,-51.87627 -71.21361,-52.78339 -0.78812,-0.48689 -1.41271,-0.2896 -5.29663,1.67304 -5.94327,3.00328 -50.46895,27.78755 -56.40715,31.39783 l -1.234,0.75025 1.68207,0.85813 c 4.29875,2.19305 106.24607,47.89359 109.56624,49.11592 0.35402,0.13033 0.87344,0.25221 1.15427,0.27084 0.28082,0.0186 3.19149,-3.77987 6.46815,-8.44111 z"
         id="path104"
         transform="matrix(0.26458333,0,0,0.26458333,12.050834,7.4856276)" />
      <path
         style="fill:#808080;fill-opacity:1;stroke:none;stroke-width:1.72727;stroke-linejoin:round;stroke-dasharray:none"
         d="m 489.71674,103.21997 -1.61839,-0.23269 7.62598,-6.908499 c 4.19429,-3.799671 17.24765,-15.517442 29.00746,-26.039492 19.79109,-17.707995 23.03178,-20.324743 23.03178,-18.597372 0,0.225123 0.12194,0.287375 0.27098,0.138337 0.14904,-0.149038 0.6143,-0.08724 1.03392,0.137338 0.47996,0.256868 1.53338,0.258757 2.8401,0.0051 l 2.07715,-0.403222 20.46017,20.490294 c 13.30955,13.329142 20.5619,20.895617 20.75125,21.650049 0.1601,0.637865 0.17625,1.617261 0.0359,2.176443 -0.29885,1.190714 -1.73878,1.432764 -10.56571,1.776085 -2.95015,0.114745 -6.15164,0.312605 -7.1144,0.439691 -0.96277,0.127082 -3.27999,0.304512 -5.14937,0.394287 -1.86938,0.08977 -5.04023,0.266136 -7.04634,0.391918 -3.40797,0.213681 -5.62479,0.346582 -13.73164,0.823229 -1.77009,0.104073 -4.95626,0.295843 -7.08037,0.426157 -2.12412,0.130317 -5.359,0.326527 -7.18863,0.436017 -1.82963,0.10949 -4.91925,0.29848 -6.86582,0.41996 -1.94657,0.12149 -4.98747,0.30627 -6.75756,0.41062 -1.7701,0.10436 -4.85972,0.29277 -6.86582,0.41869 -3.507,0.22013 -7.01264,0.43719 -14.37531,0.89008 -1.8881,0.11614 -4.69975,0.22421 -6.24812,0.24016 -1.54836,0.0159 -3.28627,0.19111 -3.86202,0.38926 -0.57575,0.19814 -1.77509,0.25555 -2.6652,0.12757 z m 42.8133,-7.122694 c 46.75743,-3.103884 55.99933,-3.818094 55.99933,-4.327601 0,-0.703698 -4.41142,-5.180644 -20.46294,-20.766919 -9.95654,-9.667959 -18.21365,-17.578107 -18.34914,-17.578107 -0.38349,0 -49.35001,43.792824 -49.53442,44.300719 -0.18905,0.520699 0.49943,0.486048 32.34717,-1.628092 z"
         id="path105"
         transform="matrix(0.26458333,0,0,0.26458333,12.050834,7.4856276)" />
      <path
         style="fill:#808080;fill-opacity:1;stroke:none;stroke-width:1.72727;stroke-linejoin:round;stroke-dasharray:none"
         d="m 624.11705,195.76638 c -7.68622,-4.06202 -23.6608,-12.50267 -35.49907,-18.757 l -21.52413,-11.37151 -0.0195,-1.5019 c -0.0107,-0.82604 -0.37368,-2.28161 -0.80657,-3.23459 l -0.78706,-1.73269 16.91722,-28.30526 c 9.30448,-15.5679 17.04901,-28.43188 17.21009,-28.58664 0.16107,-0.15475 0.94389,-0.0582 1.7396,0.21456 1.34648,0.46156 1.59427,0.86761 3.57587,5.85985 1.17103,2.95015 2.30738,5.42868 2.52524,5.50785 0.21785,0.0792 0.2994,0.30038 0.18121,0.49161 -0.27461,0.44434 24.18425,62.3955 24.71033,62.58809 0.21623,0.0792 0.30374,0.28859 0.19447,0.46541 -0.26821,0.43397 5.72129,15.65879 6.23187,15.84091 0.22193,0.0792 0.30777,0.29885 0.19075,0.48819 -0.11703,0.18935 0.36452,1.74423 1.07011,3.45528 0.70558,1.71106 1.28287,3.34045 1.28287,3.62086 0,0.70306 -1.84936,2.37963 -2.60233,2.35919 -0.33881,-0.009 -6.90474,-3.34019 -14.59096,-7.40221 z m 9.72778,-3.01882 c -2.13823,-5.68076 -25.20081,-61.98823 -31.44761,-76.7796 -1.76923,-4.18922 -3.34533,-7.61676 -3.50245,-7.61676 -0.15713,0 -1.13018,1.39998 -2.16234,3.11107 -6.47529,10.73459 -28.37532,49.0594 -28.36869,49.64489 0.004,0.35846 0.93324,0.85901 25.52955,13.75273 32.70551,17.14469 40.25028,21.00194 40.62579,20.76986 0.18321,-0.11324 -0.1202,-1.41021 -0.67425,-2.88219 z"
         id="path106"
         transform="matrix(0.26458333,0,0,0.26458333,12.050834,7.4856276)" />
      <path
         style="fill:#cccccc;fill-opacity:1;stroke:none;stroke-width:1.72727;stroke-linejoin:round;stroke-dasharray:none"
         d="m 450.07391,217.26391 c -0.19941,-0.30883 -0.55573,-0.92911 -0.7918,-1.37838 -0.87832,-1.6715 -2.73716,-2.61966 -4.99934,-2.55008 l -2.14466,0.066 -1.54051,-2.4261 c -0.84728,-1.33436 -1.75022,-2.56797 -2.00654,-2.74136 -0.25631,-0.1734 -0.32921,-0.31823 -0.162,-0.32184 0.37673,-0.008 -6.94319,-11.75241 -7.44829,-11.95023 -0.20087,-0.0787 -0.36523,-0.33773 -0.36523,-0.57568 0,-0.57141 -6.89185,-11.68405 -7.36069,-11.86862 -0.19984,-0.0787 -0.36335,-0.34741 -0.36335,-0.59719 0,-0.41101 -4.57225,-7.97413 -5.13,-8.48571 -0.12866,-0.11801 -0.60226,-0.93869 -1.05244,-1.82374 -0.45019,-0.88504 -0.98122,-1.60917 -1.18007,-1.60917 -0.19884,0 -0.36154,-0.20331 -0.36154,-0.4518 0,-0.55673 -6.30316,-10.93943 -7.16335,-11.79962 -0.3421,-0.3421 -0.51666,-0.62199 -0.38792,-0.62199 0.12874,0 -0.34022,-0.974 -1.04213,-2.16445 -0.70192,-1.19045 -1.27621,-2.41568 -1.27621,-2.72273 0,-0.56674 1.32787,-1.97864 1.86088,-1.97864 0.16027,0 2.46228,0.98499 5.11557,2.18888 2.6533,1.20388 5.01728,2.23593 5.25329,2.29345 0.23601,0.0575 2.16702,0.92621 4.29113,1.93042 2.12412,1.00422 4.05513,1.87317 4.29114,1.93102 0.23601,0.0578 2.13798,0.90757 4.22658,1.88829 2.08861,0.98072 3.88585,1.78312 3.99386,1.78312 0.10802,0 2.06808,0.89276 4.35569,1.98392 2.28762,1.09115 4.3524,2.01381 4.58842,2.05035 0.23601,0.0366 0.6451,0.20155 0.90908,0.36667 0.62397,0.39029 10.97409,5.07708 11.53521,5.22342 0.23602,0.0616 2.16703,0.93355 4.29114,1.93776 2.12411,1.00422 4.05512,1.87317 4.29114,1.93101 0.23601,0.0578 2.16702,0.9268 4.29113,1.93101 2.12411,1.00422 4.05513,1.87317 4.29114,1.93101 0.23601,0.0579 2.16702,0.9268 4.29113,1.93102 2.12412,1.00421 4.05513,1.86032 4.29114,1.90247 0.23601,0.0421 0.6451,0.21172 0.90908,0.37684 0.62397,0.3903 10.9741,5.07708 11.53522,5.22343 0.23601,0.0615 2.16702,0.93354 4.29113,1.93776 2.12412,1.00421 4.05513,1.87316 4.29114,1.93101 0.23601,0.0578 2.16702,0.92679 4.29114,1.93101 2.12411,1.00421 4.05512,1.87485 4.29113,1.93474 0.23602,0.0599 1.68427,0.69598 3.21836,1.41353 1.53408,0.71755 4.72025,2.17043 7.08037,3.22862 3.97645,1.7829 4.30086,2.02048 4.4238,3.23979 0.12003,1.19056 -0.003,1.33905 -1.28734,1.55999 -1.8021,0.30987 -9.95058,1.52165 -11.93329,1.77461 -4.54772,0.58024 -60.04355,8.38328 -61.00056,8.57705 -0.69323,0.14036 -1.28116,0.0108 -1.50178,-0.33085 z m 7.72487,-7.21362 c 4.75626,-0.47249 19.73058,-1.91635 33.27627,-3.20859 13.54568,-1.29224 24.72945,-2.45047 24.85283,-2.57384 0.12338,-0.12338 0.14386,-0.28811 0.0455,-0.36608 -0.81582,-0.64684 -100.9261,-44.82128 -102.43364,-45.19965 -1.18657,-0.29781 -0.95235,0.0713 19.63166,30.9379 11.18804,16.77693 14.37352,21.26933 15.08174,21.26933 0.49382,0 4.78935,-0.38658 9.54562,-0.85907 z"
         id="path107"
         transform="matrix(0.26458333,0,0,0.26458333,12.050834,7.4856276)" />
      <path
         style="fill:#cccccc;fill-opacity:1;stroke:none;stroke-width:1.72727;stroke-linejoin:round;stroke-dasharray:none"
         d="m 643.06294,199.64512 c -1.83082,-4.75528 -4.52744,-11.30585 -4.72537,-11.47879 -0.13507,-0.118 -0.26926,-0.5042 -0.2982,-0.85822 -0.0615,-0.75249 -5.77467,-15.13099 -6.13815,-15.44809 -0.13526,-0.11801 -0.26961,-0.50421 -0.29855,-0.85823 -0.0615,-0.75249 -5.77467,-15.13099 -6.13815,-15.44809 -0.13527,-0.11801 -0.26962,-0.50421 -0.29856,-0.85823 -0.0615,-0.75249 -5.77467,-15.13099 -6.13815,-15.44809 -0.13526,-0.11801 -0.272,-0.50421 -0.30388,-0.85823 -0.10259,-1.13975 -11.43198,-29.38295 -11.91759,-29.70955 -0.25782,-0.1734 -0.33259,-0.31822 -0.16615,-0.32183 0.16643,-0.004 -0.19828,-1.31001 -0.81047,-2.90309 -1.40132,-3.64662 -1.47318,-4.43322 -0.47931,-5.24653 1.14405,-0.936218 1.47644,-4.305691 0.59838,-6.065813 -0.75964,-1.522731 -0.6115,-2.227747 0.1963,-0.934244 0.28086,0.449719 6.6332,17.691157 14.11632,38.314297 8.05545,22.20045 13.89011,37.67604 14.30293,37.93644 0.38349,0.2419 0.84328,0.29379 1.02175,0.11531 0.17848,-0.17847 -2.23974,-16.10249 -5.37383,-35.38669 C 616.21199,48.042909 612.98278,28.249946 612.75624,27.193402 l -0.24188,-1.128099 -7.37952,0.17445 c -4.05874,0.09595 -21.28281,0.455128 -38.27571,0.79818 -74.10726,1.496074 -96.56866,2.027304 -96.84014,2.290346 -0.7371,0.714197 -57.85533,106.874121 -57.85533,107.529901 0,0.17573 2.07583,-0.78723 4.61297,-2.13991 4.06556,-2.16757 42.54713,-23.64329 56.57396,-31.57269 4.3402,-2.45352 6.51469,-4.107884 13.31188,-10.127705 55.248,-48.929509 63.18127,-55.899545 63.6246,-55.899545 0.44699,0 54.69136,54.497725 54.46734,54.72174 -0.0917,0.09174 -0.99276,-0.11777 -2.00227,-0.465576 -1.00952,-0.347805 -1.99323,-0.534886 -2.18602,-0.415734 -0.1928,0.119157 -1.04816,0.327517 -1.90081,0.463023 -1.39072,0.221023 -1.79277,0.03702 -3.90655,-1.787894 -1.29596,-1.118845 -2.26747,-2.123082 -2.15892,-2.231635 0.10855,-0.108553 -8.15958,-8.644623 -18.37363,-18.969046 l -18.57101,-18.771677 0.17788,-2.793579 c 0.17128,-2.689834 0.12325,-2.853198 -1.29336,-4.398986 -1.22954,-1.341655 -1.78365,-1.62073 -3.37275,-1.698669 -2.51156,-0.123181 -4.02015,0.442856 -5.33042,2.00002 -0.89699,1.066011 -1.07678,1.725209 -1.07678,3.947994 v 2.668314 l -24.78131,22.139793 c -33.76188,30.163102 -33.41701,29.875932 -34.91673,29.073312 -0.51683,-0.27661 -1.84537,-0.41111 -2.98195,-0.3019 -2.34394,0.22523 -4.27684,1.80832 -5.35321,4.38444 -0.36728,0.87903 -1.3228,1.95311 -2.26878,2.55028 -2.81852,1.77925 -14.67887,8.42053 -32.24813,18.05756 -9.31806,5.1111 -17.04211,9.42517 -17.16454,9.58681 -0.12244,0.16163 -0.4716,0.34469 -0.77593,0.4068 -0.30432,0.0621 -4.11514,2.04139 -8.46849,4.39841 -4.35334,2.35703 -8.15947,4.27936 -8.45807,4.27185 -0.29859,-0.008 -0.88665,-0.27443 -1.3068,-0.59317 -0.70944,-0.53821 -0.33582,-1.37508 5.23999,-11.73702 3.30214,-6.13663 6.05967,-11.42136 6.12783,-11.74385 0.0682,-0.32249 0.25465,-0.68558 0.41443,-0.80686 0.39454,-0.29949 24.76602,-45.713656 24.91161,-46.420647 0.0636,-0.308738 0.24499,-0.659749 0.40313,-0.780025 0.49542,-0.376792 9.07047,-16.488501 9.0761,-17.05314 0.003,-0.295015 0.1293,-0.536392 0.28081,-0.536392 0.1515,0 3.25721,-5.599034 6.90157,-12.442298 l 6.62612,-12.442299 1.69276,-0.284765 c 1.12574,-0.189376 2.3188,-0.861825 3.5617,-2.007484 l 1.86893,-1.72272 17.89399,-0.545758 c 9.84169,-0.300167 21.36981,-0.642613 25.61803,-0.760992 12.42557,-0.346245 28.13875,-0.800599 44.41326,-1.28423 4.13022,-0.122738 10.69566,-0.310798 14.58987,-0.417911 6.70111,-0.184318 12.49456,-0.360818 28.64583,-0.872707 l 6.97559,-0.221081 0.58917,1.410097 c 0.70209,1.680328 2.55681,3.235716 4.26607,3.577568 0.88547,0.177093 1.3711,0.624567 1.71396,1.579271 0.26313,0.732688 0.44249,1.458684 0.39858,1.613323 -0.0439,0.154639 1.74659,12.12691 3.97889,26.605046 2.23229,14.478138 4.16219,27.192839 4.28865,28.254896 0.12647,1.062056 0.80302,5.503382 1.50345,9.869613 0.70043,4.366232 1.37629,8.807555 1.5019,9.869615 0.12561,1.06206 0.80147,5.50338 1.5019,9.86961 0.70043,4.36623 1.37732,8.80756 1.50419,9.86962 0.12688,1.06205 1.28127,8.68955 2.56531,16.94999 1.28405,8.26043 2.41116,15.69483 2.50471,16.52087 0.39892,3.5229 2.51813,17.43385 2.74559,18.02277 0.13674,0.35402 0.21874,0.78616 0.18222,0.96032 -0.0938,0.4474 2.52069,17.99808 2.79748,18.77891 0.34593,0.97592 0.64523,5.57848 0.36276,5.57848 -0.13615,0 -0.41482,-0.43448 -0.61927,-0.96551 z"
         id="path109"
         transform="matrix(0.26458333,0,0,0.26458333,12.050834,7.4856276)" />
      <path
         style="fill:#cccccc;fill-opacity:1;stroke:none;stroke-width:1.72727;stroke-linejoin:round;stroke-dasharray:none"
         d="m 555.37052,158.98661 c -0.60008,-0.47203 -1.28132,-0.85823 -1.51385,-0.85823 -0.23255,0 -0.53395,-0.28965 -0.6698,-0.64367 -0.13585,-0.35402 -0.52205,-0.64367 -0.85823,-0.64367 -0.33617,0 -0.72237,-0.28965 -0.85823,-0.64367 -0.13585,-0.35402 -0.47314,-0.64367 -0.74955,-0.64367 -0.2764,0 -0.71694,-0.26723 -0.97897,-0.59383 -0.6627,-0.826 -13.9218,-10.56313 -14.38388,-10.56313 -0.20682,0 -0.48718,-0.28965 -0.62303,-0.64367 -0.13585,-0.35402 -0.47315,-0.64367 -0.74955,-0.64367 -0.27641,0 -0.71694,-0.26722 -0.97898,-0.59382 -0.66269,-0.82601 -13.92179,-10.56313 -14.38387,-10.56313 -0.20682,0 -0.48718,-0.28966 -0.62303,-0.64367 -0.13585,-0.35402 -0.47315,-0.64367 -0.74955,-0.64367 -0.27641,0 -0.71695,-0.26967 -0.97898,-0.59926 -0.67917,-0.8543 -13.87601,-10.5577 -14.35869,-10.5577 -0.22067,0 -0.51236,-0.28965 -0.64821,-0.64367 -0.13585,-0.35402 -0.52206,-0.64367 -0.85823,-0.64367 -0.33618,0 -0.72238,-0.28965 -0.85823,-0.64367 -0.13585,-0.35402 -0.43738,-0.64367 -0.67007,-0.64367 -0.23269,0 -0.87268,-0.43448 -1.42219,-0.96551 -0.54952,-0.53103 -2.95418,-2.45158 -5.3437,-4.26789 l -4.34459,-3.30238 0.44159,-1.7397 c 0.3399,-1.3391 0.65189,-1.7441 1.35489,-1.75879 0.50232,-0.0105 1.87881,-0.0916 3.05888,-0.18019 1.18006,-0.0886 4.65588,-0.27887 7.72404,-0.42283 3.06816,-0.14396 6.25433,-0.3481 7.08038,-0.45365 0.82604,-0.10555 3.52946,-0.30073 6.00759,-0.43374 5.36526,-0.28796 10.64978,-0.6061 21.24112,-1.2788 1.65209,-0.10492 4.64516,-0.28934 6.65126,-0.4098 7.28584,-0.43749 11.43164,-0.69057 14.37531,-0.87754 3.55908,-0.22604 8.89751,-0.55295 13.9462,-0.854004 6.1563,-0.367104 11.25831,-0.685426 13.74506,-0.857575 9.1579,-0.63397 12.51642,-0.705964 12.2423,-0.26243 -0.16016,0.259142 -0.0867,0.471168 0.16324,0.471168 0.24994,0 0.45444,0.226172 0.45444,0.502603 0,0.276428 0.31004,0.845188 0.68897,1.263908 0.63861,0.70566 0.57588,0.94749 -0.85822,3.30828 -0.85096,1.40083 -1.5472,2.76308 -1.5472,3.02722 0,0.26415 -0.18009,0.48026 -0.4002,0.48026 -0.22011,0 -0.53524,0.42547 -0.70028,0.94549 -0.16505,0.52002 -0.56426,1.20967 -0.88715,1.53255 -0.32288,0.32288 -0.58705,0.86292 -0.58705,1.20008 0,0.33716 -0.1801,0.61302 -0.4002,0.61302 -0.22011,0 -0.53579,0.43448 -0.70151,0.9655 -0.16572,0.53103 -0.43322,1.06206 -0.59445,1.18007 -0.16122,0.118 -5.51093,8.9041 -11.88824,19.52467 -15.97125,26.598 -14.34172,24.24458 -16.78858,24.24652 -1.26616,0.001 -2.55165,0.32264 -3.4301,0.85823 -1.70243,1.03798 -1.4669,1.03811 -2.78868,-0.002 z m 5.8448,-8.29453 c 4.00296,-6.25764 28.60139,-47.44362 28.60139,-47.88828 0,-0.35254 -0.5699,-0.44237 -1.82374,-0.28747 -1.00305,0.12393 -3.75474,0.33357 -6.11487,0.46589 -11.03432,0.61861 -79.45287,5.21651 -83.35532,5.60169 -1.47508,0.14559 -2.67795,0.39417 -2.67305,0.55239 0.0122,0.39475 62.99463,43.80217 63.594,43.82894 0.16976,0.008 0.96697,-1.01535 1.77159,-2.27316 z"
         id="path110"
         transform="matrix(0.26458333,0,0,0.26458333,12.050834,7.4856276)" />
      <path
         style="fill:#cccccc;fill-opacity:1;stroke:none;stroke-width:1.72727;stroke-linejoin:round;stroke-dasharray:none"
         d="m 611.13309,206.34643 c -0.0414,-0.0315 -12.43373,-0.17722 -27.53853,-0.32388 -15.1048,-0.14665 -31.6622,-0.38856 -36.79421,-0.53758 l -9.33094,-0.27093 -0.64743,-1.29781 c -0.63012,-1.26311 -0.59576,-1.38073 1.28505,-4.39837 1.06287,-1.7053 1.93249,-3.29957 1.93249,-3.54281 0,-0.24325 0.17126,-0.50663 0.38057,-0.5853 0.47201,-0.17741 7.77259,-11.35977 7.77259,-11.90535 0,-0.21775 0.17068,-0.46028 0.37928,-0.53895 0.49416,-0.18636 6.05743,-8.77955 6.05743,-9.35648 0,-0.24289 0.1931,-0.44161 0.42911,-0.44161 0.23601,0 0.42912,-0.1909 0.42912,-0.42421 0,-0.23332 0.27929,-0.76434 0.62064,-1.18006 0.34136,-0.41572 0.96894,-1.18652 1.39462,-1.71289 0.65562,-0.81068 1.00365,-0.90488 2.27587,-0.61597 1.9544,0.44381 4.10157,-0.0303 5.31969,-1.17468 l 0.97247,-0.9136 14.98397,7.93918 c 8.24119,4.36655 15.22535,7.94203 15.52037,7.94551 0.29501,0.003 0.53639,0.16077 0.53639,0.34953 0,0.18875 1.59308,1.10598 3.54019,2.03829 1.9471,0.9323 3.75033,1.88819 4.00716,2.1242 0.25684,0.23602 1.8982,1.10497 3.64747,1.93101 1.74927,0.82605 3.27704,1.62213 3.39504,1.76906 0.29612,0.36872 6.36716,3.39859 6.7084,3.34796 0.15181,-0.0225 0.39416,0.12964 0.53856,0.33813 0.14439,0.2085 3.6418,2.17994 7.77202,4.38099 9.20657,4.90631 12.01518,6.5556 12.01518,7.05563 0,0.29354 -27.21659,0.29451 -27.60257,9.9e-4 z m 10.86714,-5.94729 c 0,-0.8962 -7.29206,-4.46867 -55.06197,-26.97555 l -5.07023,-2.38884 -5.68253,8.67307 c -8.5773,13.09124 -12.86837,20.03232 -12.56921,20.33147 0.25774,0.25775 36.06114,0.76982 64.75958,0.92621 11.8286,0.0645 13.62436,-0.0102 13.62436,-0.56636 z"
         id="path111"
         transform="matrix(0.26458333,0,0,0.26458333,12.050834,7.4856276)" />
    </g>
  </g>
</svg>
